0
1
3
8
9
11
12
18
28
30
31
32
33
34
36
42
43
44
52
53
54
55
57
58
60
61
62
63
65
66
68
71
72
79
80
82
83
85
87
88
90
94
95
100
101
102
103
106
107
108
109
115
116
117
118
119
120
121
122
129
132
133
138
140
141
142
143
144
146
148
149
150
151
153
154
158
159
163
165
169
171
173
174
176
178
183
184
185
186
187
188
190
193
194
195
196
197
198
199
204
205
206
212
217
226
228
229
230
232
233
242
244
249
259
261
263
280
283
299
302
303
310
312
316
317
335
353
355
360
362
365
366
369
370
371
372
373
374
376
387
389
392
394
398
400
404
405
406
407
408
409
410
411
416
422
424
427
431
432
437
439
441
442
443
446
454
455
456
457
479
483
508
509
510
511
512
513
514
515
525
528
531
533
541
542
543
545
546
547
549
550
551
553
554
563
564
565
569
570
571
572
573
574
575
577
578
582
584
585
586
587
596
597
598
600
606
615
616
617
621
622
627
637
642
644
654
655
658
659
661
662
663
672
676
679
686
687
689
692
694
695
697
705
711
715
716
717
720
721
722
723
724
725
726
727
729
730
731
732
733
734
735
750
751
756
761
768
769
772
775
778
779
782
783
784
791
800
801
802
803
809
811
814
815
818
819
820
821
822
823
824
825
827
835
836
837
844
847
848
849
850
851
852
853
856
862
868
869
872
874
883
884
890
893
895
903
904
905
906
911
912
913
948
958
976
978
979
982
983
984
986
987
988
992
997
1000
1005
1007
1008
1009
1010
1011
1012
1013
1017
1021
1045
1055
1056
1057
1059
1061
1063
1064
1066
1067
1068
1069
1070
1071
1072
1074
1075
1076
1077
1078
1081
1084
1087
1088
1117
1118
1121
1138
1139
1140
1141
1142
1143
1144
1147
1150
1151
1160
1288
1289
1291
1323
1325
1326
1334
1335
1336
1339
